(300, 220), (260.0, 0.0), (0.0, 100.0), [(240.0, 0.0), (240.0, 20.0), (240.0, 40.0), (240.0, 60.0), (240.0, 80.0), (220.0, 80.0), (200.0, 80.0), (180.0, 80.0), (160.0, 80.0), (140.0, 80.0), (120.0, 80.0), (100.0, 80.0), (80.0, 80.0), (60.0, 80.0), (40.0, 80.0), (20.0, 80.0), (0.0, 80.0)]

(300, 220), (140.0, 60.0), (0.0, 140.0), [(160.0, 60.0), (180.0, 60.0), (200.0, 60.0), (220.0, 60.0), (240.0, 60.0), (260.0, 60.0), (280.0, 60.0), (300.0, 60.0), (300.0, 40.0), (280.0, 40.0), (260.0, 40.0), (240.0, 40.0), (220.0, 40.0), (200.0, 40.0), (180.0, 40.0), (160.0, 40.0), (140.0, 40.0), (140.0, 20.0), (160.0, 20.0), (180.0, 20.0), (200.0, 20.0), (220.0, 20.0), (240.0, 20.0), (260.0, 20.0), (280.0, 20.0), (300.0, 20.0), (300.0, 0.0), (280.0, 0.0), (260.0, 0.0), (240.0, 0.0), (220.0, 0.0), (200.0, 0.0), (180.0, 0.0), (160.0, 0.0), (140.0, 0.0), (120.0, 0.0), (100.0, 0.0), (80.0, 0.0), (60.0, 0.0), (40.0, 0.0), (40.0, 20.0), (40.0, 40.0), (40.0, 60.0), (60.0, 60.0), (60.0, 80.0), (60.0, 100.0), (40.0, 100.0), (40.0, 80.0), (20.0, 80.0), (20.0, 60.0), (20.0, 40.0), (20.0, 20.0), (20.0, 0.0), (0.0, 0.0), (0.0, 20.0), (0.0, 40.0), (0.0, 60.0), (0.0, 80.0), (0.0, 100.0), (0.0, 120.0)]

(300, 220), (300.0, 220.0), (120.0, 220.0), [(300.0, 200.0), (300.0, 180.0), (300.0, 160.0), (300.0, 140.0), (300.0, 120.0), (300.0, 100.0), (300.0, 80.0), (300.0, 60.0), (300.0, 40.0), (300.0, 20.0), (300.0, 0.0), (280.0, 0.0), (260.0, 0.0), (240.0, 0.0), (220.0, 0.0), (200.0, 0.0), (180.0, 0.0), (160.0, 0.0), (140.0, 0.0), (120.0, 0.0), (100.0, 0.0), (80.0, 0.0), (60.0, 0.0), (40.0, 0.0), (20.0, 0.0), (0.0, 0.0), (0.0, 20.0), (0.0, 40.0), (0.0, 60.0), (0.0, 80.0), (0.0, 100.0), (0.0, 120.0), (0.0, 140.0), (0.0, 160.0), (0.0, 180.0), (0.0, 200.0), (0.0, 220.0), (20.0, 220.0), (20.0, 200.0), (20.0, 180.0), (20.0, 160.0), (20.0, 140.0), (20.0, 120.0), (40.0, 120.0), (40.0, 140.0), (40.0, 160.0), (40.0, 180.0), (40.0, 200.0), (40.0, 220.0), (60.0, 220.0), (60.0, 200.0), (60.0, 180.0), (60.0, 160.0), (60.0, 140.0), (60.0, 120.0), (80.0, 120.0), (80.0, 140.0), (80.0, 160.0), (80.0, 180.0), (80.0, 200.0), (80.0, 220.0), (100.0, 220.0)]


not lagged
(300, 220) (120.0, 120.0) (100.0, 140.0) [(100.0, 120.0)]
result = 2, 364

lagged
(300, 220), (140.0, 80.0), (300.0, 220.0), [(140.0, 60.0), (120.0, 60.0), (120.0, 40.0), (140.0, 40.0), (140.0, 20.0), (120.0, 20.0), (100.0, 20.0), (100.0, 0.0), (120.0, 0.0), (140.0, 0.0), (160.0, 0.0), (180.0, 0.0), (180.0, 20.0), (180.0, 40.0), (180.0, 60.0), (180.0, 80.0), (200.0, 80.0), (200.0, 60.0), (200.0, 40.0), (200.0, 20.0), (200.0, 0.0), (220.0, 0.0), (220.0, 20.0), (220.0, 40.0), (220.0, 60.0), (220.0, 80.0), (240.0, 80.0), (240.0, 60.0), (240.0, 40.0), (240.0, 20.0), (240.0, 0.0), (260.0, 0.0), (260.0, 20.0), (260.0, 40.0), (260.0, 60.0), (260.0, 80.0), (280.0, 80.0), (280.0, 60.0), (280.0, 40.0), (280.0, 20.0), (280.0, 0.0), (300.0, 0.0), (300.0, 20.0), (300.0, 40.0), (300.0, 60.0), (300.0, 80.0), (300.0, 100.0), (300.0, 120.0), (300.0, 140.0), (300.0, 160.0), (300.0, 180.0), (300.0, 200.0)]
(15, 11)